00100000000001010000000000000000
00100000000001010000000000010100
00100000000001000000000000000000
00100000000000010000000000000010
00100000000000100000000000000010
00100000000000110000000000000000
00100000000001100000000000000000
00100000000001110000000000000000
00100000000010000001000000000000
00100000000010010001000000000100
00100000000010100000000000000001
00100000000010110000000000000000
00100000000011000000000000000000
00100000000011010000000000000000
00100000000011100000000000000000
00100000000011110000000000000000
00100000000011110000000000000000
00100000000100000000000000000000
00100000000100010000000000000000
00100000000100100000000000000000
00100000000100110000000000000000
00100000000101000000000000000000
00100000000101010000000000000000
00100000000101100000000000000000
00100000000101110000000000000000
00100000000110000000000000000000
00100000000110010000000000000000
00100000000110100000000000000000
00100000000110110000000000000000
00100000000111000000000000000000
00100000011000110000000000000001
00000000011001010110000000100010
00101001100001100000000000000000
00010000110000000000000000001101
00100000100001000000000000000100
00000000100000000101100000100000
10001101011001110000000000000000
00000000111000100110000000100010
00101001100001100000000000000000
00010000110000000000000000000010
00100000111000100000000000000000
00010000110010101111111111110100
00000000001001110110000000100010
00101001100001100000000000000000
00010000110000001111111111110001
00100000111000010000000000000000
00010000110010101111111111101111
10101101000000010000000000000000
10101101001000100000000000000000
00100000000110100000000000000001
00000000000110101101011111000000
00100000000110110000000000011111
00100000000111000000000000000100
00101000001001100000000000000000
00010000110000000000000000000010
00000000000000010110100000100010
00010000000000000000000000000001
00100000001011010000000000000000
00100000000011110000000000000000
00100000000100000000000000000000
00100000000100010000000000000000
00100000000100100000000000000000
00100000000000110000000000000000
00100000000000010000000000100000
00000000011000010110000000100010
00101001100001100000000000000000
00010000110000000000000000100101
00000000000100101001011101000000
00000000000100101001011100000010
00000000000100010101100011000010
00000010010010111001000000100000
00000000000100011000111101000000
00000000000100011000111100000010
00000000000100000101100011000010
00000010001010111000100000100000
00000000000100001000011101000000
00000000000100001000011100000010
00000000000011110101100011000010
00000010000010111000000000100000
00000000000011110111111101000000
00000000000011110111111100000010
00000001101110100101100000100100
00000000000010110101111111000010
00000001111010110111100000100000
00010000011110110000000000010011
00000011100011110101100000100010
00101001011001100000000000000000
00010000110000000000000000000001
00100001111011110000000000000011
00000011100100000101100000100010
00101001011001100000000000000000
00010000110000000000000000000001
00100010000100000000000000000011
00000011100100010101100000100010
00101001011001100000000000000000
00010000110000000000000000000001
00100010001100010000000000000011
00000011100100100101100000100010
00101001011001100000000000000000
00010000110000000000000000000001
00100010010100100000000000000011
00000000000011010110100001000000
00100000011000110000000000000001
00010000000000001111111111010111
00100000000110100000000000000001
00000000000110101101011111000000
00100000000110110000000000011111
00100000000111000000000000000100
00101000010001100000000000000000
00010000110000000000000000000010
00000000000000100110100000100010
00010000000000000000000000000001
00100000010011010000000000000000
00100000000100110000000000000000
00100000000101000000000000000000
00100000000101010000000000000000
00100000000101100000000000000000
00100000000000110000000000000000
00100000000000010000000000100000
00000000011000010110000000100010
00101001100001100000000000000000
00010000110000000000000000100101
00000000000101101011011101000000
00000000000101101011011100000010
00000000000101010101100011000010
00000010110010111011000000100000
00000000000101011010111101000000
00000000000101011010111100000010
00000000000101000101100011000010
00000010101010111010100000100000
00000000000101001010011101000000
00000000000101001010011100000010
00000000000100110101100011000010
00000010100010111010000000100000
00000000000100111001111101000000
00000000000100111001111100000010
00000001101110100101100000100100
00000000000010110101111111000010
00000010011010111001100000100000
00010000011110110000000000010011
00000011100100110101100000100010
00101001011001100000000000000000
00010000110000000000000000000001
00100010011100110000000000000011
00000011100101000101100000100010
00101001011001100000000000000000
00010000110000000000000000000001
00100010100101000000000000000011
00000011100101010101100000100010
00101001011001100000000000000000
00010000110000000000000000000001
00100010101101010000000000000011
00000011100101100101100000100010
00101001011001100000000000000000
00010000110000000000000000000001
00100010110101100000000000000011
00000000000011010110100001000000
00100000011000110000000000000001
00010000000000001111111111010111
00100001111101110000000000000000
00100010000110000000000000000000
00100010001110010000000000000000
00100010010110100000000000000000
00100000000111110000000000000001
10001100000110110001000000001000
10001100000111000001000000010000
00010011011111110000000000000010
00010011100111110000000000001010
00010000000000000000000000010001
00100010111010010000000000000000
00100011000010100000000000000000
00100011001010110000000000000000
00100011010011000000000000000000
00101000001111010000000000000000
00010011101111110000000000000001
00010000000000000000000000001010
00100000000010010000000000001010
00010000000000000000000000001000
00100010011010010000000000000000
00100010100010100000000000000000
00100010101010110000000000000000
00100010110011000000000000000000
00101000010111010000000000000000
00010011101111110000000000000001
00010000000000000000000000000001
00100000000010010000000000001010
00100000000100100000000000001110
00000001001000001000100000100000
00010000000000000000000000001000
00100000000100100000000000001101
00000001010000001000100000100000
00010000000000000000000000000101
00100000000100100000000000001011
00000001011000001000100000100000
00010000000000000000000000000010
00100000000100100000000000000111
00000001100000001000100000100000
00000000000000000100000000100000
00010010001010000000000000010111
00100001000010000000000000000001
00010010001010000000000000011001
00100001000010000000000000000001
00010010001010000000000000011011
00100001000010000000000000000001
00010010001010000000000000011101
00100001000010000000000000000001
00010010001010000000000000011111
00100001000010000000000000000001
00010010001010000000000000100001
00100001000010000000000000000001
00010010001010000000000000100011
00100001000010000000000000000001
00010010001010000000000000100101
00100001000010000000000000000001
00010010001010000000000000100111
00100001000010000000000000000001
00010010001010000000000000101001
00010000000000000000000000000000
00100000000100010000000011111101
10101100000100100000110000000000
10101100000100010000010000000000
00010000000000000000000000100111
00100000000100010000000000000011
10101100000100100000110000000000
10101100000100010000010000000000
00010000000000000000000000100011
00100000000100010000000010011111
10101100000100100000110000000000
10101100000100010000010000000000
00010000000000000000000000011111
00100000000100010000000000100101
10101100000100100000110000000000
10101100000100010000010000000000
00010000000000000000000000011011
00100000000100010000000000001101
10101100000100100000110000000000
10101100000100010000010000000000
00010000000000000000000000010111
00100000000100010000000010011001
10101100000100100000110000000000
10101100000100010000010000000000
00010000000000000000000000010011
00100000000100010000000001001001
10101100000100100000110000000000
10101100000100010000010000000000
00010000000000000000000000001111
00100000000100010000000001000001
10101100000100100000110000000000
10101100000100010000010000000000
00010000000000000000000000001011
00100000000100010000000000011111
10101100000100100000110000000000
10101100000100010000010000000000
00010000000000000000000000000111
00100000000100010000000000000001
10101100000100100000110000000000
10101100000100010000010000000000
00010000000000000000000000000011
00100000000100010000000000001001
10101100000100100000110000000000
10101100000100010000010000000000
00010000000000000000000000001000
00100000000100000000000000000111
00010010010100001111111110110010
00100000000100000000000000001011
00010010010100001111111110111001
00100000000100000000000000001101
00010010010100001111111110110100
00100000000100000000000000001110
00010010010100001111111110101111
10001100000110110001000000001000
10001100000111000001000000010000
00010011011111110000000000000010
00010011100111110000000000001010
00010000000000000000000000010001
00100010111010010000000000000000
00100011000010100000000000000000
00100011001010110000000000000000
00100011010011000000000000000000
00101000001111010000000000000000
00010011101111110000000000000001
00010000000000000000000000001010
00100000000011000000000000001010
00010000000000000000000000001000
00100010011010010000000000000000
00100010100010100000000000000000
00100010101010110000000000000000
00100010110011000000000000000000
00101000010111010000000000000000
00010011101111110000000000000001
00010000000000000000000000000001
00100000000011000000000000001010
00010000000000001111111111100001
